 <pre>

 Contingency table for Cloud cover (octas)
 Selection: ALL    599 stations
Period: 20230114-20230122
Used {00,03,...,21} + 01 02 ... 36
 Limits   0.500000000       1.50000000       2.50000000       3.50000000       4.50000000       5.50000000       6.50000000       7.50000000    
 Each class is data <= limit, the very last > last limit
 Total number of values      276441
                                                       OBSERVATION
                                  13414     1669     1090      924      701      777      733     1839     7377 |     28524
                                   2524      590      355      457      373      415      425     1164     2295 |      8598
                                   1319      336      267      271      259      280      294      764     1641 |      5431
                                   1110      297      206      246      189      253      297      747     1446 |      4791
                        SEV_85     1067      293      205      233      207      262      267      772     1462 |      4768
                                   1084      304      231      264      236      258      289      910     1728 |      5304
                                   1256      384      251      279      237      310      385     1140     2441 |      6683
                                   1889      543      407      446      433      554      621     2077     4306 |     11276
                                   7980     2689     1804     2478     2245     3883     4662    32906   142419 |    201066

                    SUM           31643     7105     4816     5598     4880     6992     7973    42319   165115 |    276441
                                                       OBSERVATION
                                  13623     1677     1078      946      717      787      716     1868     7702 |     29114
                                   2451      586      370      426      405      407      439     1163     2469 |      8716
                                   1339      342      257      296      214      286      308      797     1730 |      5569
                                   1144      304      238      245      204      223      261      760     1499 |      4878
                        SEV_75     1037      276      198      229      209      254      308      784     1488 |      4783
                                   1105      307      236      248      223      280      292      852     1828 |      5371
                                   1209      362      259      324      267      332      409     1190     2416 |      6768
                                   1826      557      373      448      426      539      609     2115     4438 |     11331
                                   7909     2694     1807     2436     2215     3884     4631    32790   141545 |    199911

                    SUM           31643     7105     4816     5598     4880     6992     7973    42319   165115 |    276441

