 <pre>

 Contingency table for Visibility (m)
 Selection: ALL    706 stations
Period: 20230114-20230122
Used {00,03,...,21} + 00 01 ... 36
 Limits    1000.00000       5000.00000       10000.0000       20000.0000    
 Each class is data <= limit, the very last > last limit
 Total number of values      385418
                                     OBSERVATION
                                   2814     4526     1876     1395      970 |     11581
                                   4855    27950    18240    19577    14087 |     84709
                        SEV_85     1569     8193    11481    24768    37303 |     83314
                                    827     3721     7103    18351    52407 |     82409
                                   1771     7280    12683    30920    70751 |    123405

                    SUM           11836    51670    51383    95011   175518 |    385418
                                     OBSERVATION
                                   2509     4451     1804     1321      992 |     11077
                                   4836    27874    18190    19555    14091 |     84546
                        SEV_75     1751     8505    11745    25371    37423 |     84795
                                    964     4028     7471    18712    53733 |     84908
                                   1776     6812    12173    30052    69279 |    120092

                    SUM           11836    51670    51383    95011   175518 |    385418

